10
 P_0 
150 120 52
30
34
65
81
90
44
88
51
97
79
58
46
65
40
68
64
34
59
99
82
86
88
52
76
76
50
51
92
59
22
60
69
45
66
50
62
59
90
54
55
92
23
97
73
39
88
34
92
74
90
55
28
45
71
56
45
63
26
20
34
78
26
21
99
50
52
29
52
84
78
84
89
93
83
97
35
29
80
99
86
63
100
87
54
48
72
98
43
81
96
77
92
32
66
82
52
30
52
97
56
44
67
60
79
78
90
38
99
42
97
63
39
69
67
91
38
37
51
98
30
 P_1 
150 120 49
77
78
35
33
94
36
59
85
98
80
79
68
61
27
95
83
91
90
38
93
22
35
38
100
26
35
64
40
79
49
88
41
28
62
78
65
90
35
50
62
91
57
60
50
28
77
97
35
40
21
73
30
75
50
27
58
59
94
60
55
89
84
91
65
99
89
83
47
52
24
66
98
51
21
23
78
41
99
52
36
69
70
91
54
38
98
57
64
76
61
31
27
23
22
61
65
35
37
75
54
97
45
78
22
79
76
81
78
41
59
28
58
90
78
57
63
24
27
79
67
 P_2 
150 120 48
88
49
57
78
87
66
91
37
51
49
84
32
62
36
52
72
59
77
54
46
57
69
81
80
99
87
33
45
43
66
28
30
54
23
79
69
56
24
82
58
37
56
82
23
78
63
64
37
66
36
41
71
48
42
26
45
26
86
64
54
64
42
86
65
47
68
20
45
69
78
44
96
50
27
58
55
81
87
76
38
79
71
60
76
91
69
77
57
33
22
76
51
66
90
34
46
74
62
93
74
29
22
73
26
72
41
91
88
95
35
84
32
59
56
84
71
78
82
78
52
 P_3 
150 120 49
71
26
66
84
76
95
80
50
53
30
82
38
45
99
51
98
100
88
81
77
99
97
31
54
47
45
36
96
96
74
77
98
69
22
40
39
81
90
73
84
53
73
81
51
38
43
64
28
83
28
66
22
56
61
72
69
55
20
50
52
95
89
32
60
29
90
20
90
41
37
95
20
84
33
28
40
91
39
63
66
29
74
97
41
81
53
22
32
91
61
33
91
55
56
57
44
60
55
92
39
38
100
30
65
22
78
84
32
51
52
47
62
63
25
42
59
24
88
61
71
 P_4 
150 120 50
23
48
78
85
92
39
31
76
87
54
61
66
40
22
74
99
96
73
24
43
93
47
51
22
49
39
21
72
93
72
49
68
71
82
44
25
82
74
59
28
33
61
90
97
62
42
100
50
31
84
81
27
45
84
54
34
79
100
63
48
68
46
74
65
35
66
53
27
70
86
49
45
86
74
64
73
93
34
97
80
24
87
100
75
89
78
46
31
68
63
78
28
96
54
64
31
65
90
41
47
71
51
63
44
93
46
46
83
68
57
89
35
99
39
24
69
64
25
85
65
 P_5 
150 120 48
81
61
40
64
88
43
99
53
98
70
38
75
23
80
72
97
89
80
38
30
34
22
61
48
22
28
99
55
89
67
24
27
91
90
20
36
77
44
24
60
96
83
53
76
27
91
58
78
23
31
99
42
64
39
73
43
36
76
97
41
90
24
82
55
93
63
61
39
73
54
77
100
46
69
74
41
32
56
68
98
61
28
21
30
47
43
54
33
31
38
49
40
44
93
20
81
71
36
71
36
42
56
85
23
86
88
95
61
41
34
74
37
82
30
98
86
37
93
100
69
 P_6 
150 120 52
25
54
47
58
50
87
90
45
71
70
38
49
42
33
78
48
94
99
100
84
91
27
69
52
64
99
30
34
55
96
92
48
88
76
38
73
90
99
45
84
94
82
28
35
94
100
44
23
58
23
35
84
75
30
58
61
61
100
63
99
85
60
78
56
76
61
59
93
83
84
89
59
75
32
21
62
27
64
44
83
68
90
38
98
44
66
76
67
65
81
95
62
34
33
56
75
40
72
49
95
59
40
53
27
70
27
72
92
79
66
92
47
87
32
51
94
22
79
75
70
 P_7 
150 120 52
58
85
37
68
69
47
63
37
53
90
85
88
68
100
86
93
26
44
77
72
46
58
44
49
100
72
76
74
78
30
79
30
88
29
70
69
26
53
86
48
55
30
95
22
79
94
54
43
84
51
80
90
61
43
71
72
82
83
91
56
42
45
80
73
62
95
53
40
42
63
80
79
86
59
22
62
72
51
60
55
56
92
56
55
51
34
100
89
64
99
87
74
38
28
50
86
92
98
30
30
89
51
65
31
60
85
79
39
27
61
84
41
53
77
77
94
86
91
49
47
 P_8 
150 120 49
35
28
82
73
34
92
51
35
51
47
64
89
72
89
22
52
75
85
73
83
56
58
57
64
50
66
26
80
61
54
40
89
46
45
59
51
79
73
95
42
21
64
73
68
65
100
50
81
55
71
44
63
76
36
73
74
98
36
97
23
58
50
70
75
97
76
24
72
34
36
67
45
55
94
63
100
95
54
40
62
68
87
48
37
85
73
62
22
23
33
81
41
27
95
46
69
45
39
32
98
41
46
100
86
84
39
67
34
92
59
43
21
56
88
26
35
51
22
100
96
 P_9 
150 120 50
49
95
38
62
63
97
42
62
100
43
44
77
97
94
68
23
50
36
89
58
97
27
64
65
54
58
24
35
33
63
32
50
58
90
44
50
48
21
72
75
21
74
28
95
77
69
96
24
57
85
72
96
50
83
65
62
99
93
23
77
94
31
50
33
79
73
23
55
44
78
84
66
31
59
97
95
22
76
90
66
29
100
90
92
50
49
47
43
37
40
60
52
54
99
34
46
88
97
85
39
32
51
95
54
99
86
48
90
28
25
86
39
74
26
38
60
41
67
80
33